-----------------------------------------------------------------------------------------------------------------------------
Feature                                     Min         Q1     Median         Q3        Max       Mean        Std r (g_limit)
-----------------------------------------------------------------------------------------------------------------------------
RF_failure                                 3740  1.876e+04  8.274e+04  1.355e+05  1.359e+05  7.797e+04  5.361e+04  +1.0000
avg_strain_at_failure                  9.42e-06  9.251e-05  0.0003659  0.0006127  0.0009161   0.000371  0.0002666  +0.9464
strain_energy_at_failure                  165.9  1.263e+04  2.085e+05  5.493e+05  1.408e+06  2.941e+05   2.91e+05  +0.8786
tip_deflection_at_failure               0.01356    0.06888     0.2931     0.3579     0.7109     0.2358      0.148  +0.8745
strain_energy_slope                     0.05152      0.689      2.482      4.452      20.62      2.797      2.296  +0.7465
n_steps                                       2         10         18         18         29      15.05      6.493  +0.6818
max_vm_stress_at_failure              2.394e+08  2.493e+08  2.516e+08  2.615e+08  4.302e+08  2.603e+08  2.338e+07  -0.6143
Strain_Node_250_failure               6.777e-07  8.378e-05  0.0002691   0.000686   0.002953  0.0004807  0.0005139  +0.6347
Strain_Node_201_failure               1.253e-06  7.932e-05  0.0002674  0.0007053   0.002222  0.0004908  0.0005261  +0.6338
Strain_Node_192_failure                1.39e-06  8.432e-05  0.0002583  0.0006672   0.002488  0.0004651  0.0005065  +0.6135
Strain_Node_257_failure               7.906e-07  8.904e-05  0.0002404  0.0006382   0.003224  0.0004445  0.0004933  +0.6003
Strain_Node_266_failure               6.695e-07  7.078e-05  0.0002187  0.0006372   0.001824  0.0004203  0.0004743  +0.5972
Strain_Node_415_failure               1.618e-06  6.262e-05  0.0001853   0.000546   0.001795  0.0003887  0.0004743  +0.5930
Strain_Node_463_failure               9.638e-07  5.795e-05  0.0001778  0.0004804   0.001744  0.0003572  0.0004414  +0.5796
Strain_Node_447_failure                8.29e-07  6.005e-05  0.0001749  0.0004898   0.002935  0.0003753  0.0004839  +0.5764
Strain_Node_281_failure               1.578e-06  6.478e-05  0.0002078  0.0005704   0.001927  0.0004067  0.0004797  +0.5739
Strain_Node_305_failure               1.872e-06   5.65e-05  0.0001953  0.0005674   0.002067  0.0004132  0.0005003  +0.5713
Strain_Node_180_failure               1.403e-06  8.139e-05  0.0002156  0.0006069   0.002527  0.0003974    0.00045  +0.5670
Strain_Node_375_failure              -1.641e-07  6.223e-05  0.0001905  0.0005105   0.001993  0.0003839  0.0004712  +0.5588
Strain_Node_172_failure              -2.243e-05  6.138e-05  0.0001707  0.0004955   0.002022  0.0003398  0.0004206  +0.5579
Strain_Node_506_failure               5.957e-07  5.496e-05  0.0001614  0.0003366    0.00325   0.000275  0.0003513  +0.5479
Strain_Node_472_failure               5.557e-07  5.068e-05  0.0001735   0.000443   0.003183  0.0003336   0.000426  +0.5479
Strain_Node_368_failure                1.24e-06  6.828e-05  0.0002043  0.0005069   0.003641  0.0003861  0.0004797  +0.5428
Strain_Node_488_failure               3.315e-07  5.218e-05  0.0001832  0.0004428   0.003294  0.0003352  0.0004276  +0.5419
Strain_Node_502_failure               7.875e-07  5.015e-05  0.0001688  0.0003821   0.002294  0.0002993  0.0003769  +0.5418
Strain_Node_327_failure               9.718e-08  6.937e-05  0.0002231  0.0005643   0.002742  0.0004029   0.000482  +0.5367
Strain_Node_344_failure               2.307e-06   7.21e-05  0.0001906  0.0005564   0.003087  0.0004067  0.0004974  +0.5355
Strain_Node_407_failure              -1.046e-06  6.114e-05  0.0001752   0.000429   0.001871  0.0003533  0.0004543  +0.5332
Strain_Node_151_failure                 6.8e-07   4.84e-05  0.0001495  0.0004047   0.002111  0.0002824  0.0003629  +0.5211
Strain_Node_510_failure               3.225e-07  5.422e-05  0.0001793   0.000322   0.002552  0.0002749  0.0003557  +0.5035
Strain_Node_107_failure               3.717e-07  3.918e-05  0.0001311   0.000208   0.002972  0.0001915  0.0002596  +0.4542
tip_deflection_slope                  2.624e-06  2.663e-06  2.813e-06  3.376e-06  6.568e-05  3.992e-06  5.514e-06  -0.2562
tip_per_g_at_failure                     0.2125     0.2157     0.2278     0.2733      5.377     0.3233     0.4468  -0.2561
avg_strain_slope                      1.574e-09  4.149e-09  4.746e-09   5.44e-09  1.917e-08  4.909e-09   1.53e-09  -0.1386
-----------------------------------------------------------------------------------------------------------------------------

Target (g_limit) — 5-number summary:
  min=0.0462  Q1=0.2318  median=1.0224  Q3=1.6736  max=1.6793  mean=0.9634  std=0.6624

N simulations : 476
N features    : 34